O 400.132001
-19500000
-19431641
-19363281
-19294922
-19226562
-19158203
-19089844
-19021484
-18953125
-18884766
-18816406
-18748047
-18679688
-18611328
-18542969
-18474609
-18406250
-18337891
-18269531
-18201172
-18132812
-18064453
-17996094
-17927734
-17859375
-17791016
-17722656
-17654297
-17585938
-17517578
-17449219
-17380859
-17312500
-17244141
-17175781
-17107422
-17039062
-16970703
-16902344
-16833984
-16765625
-16697266
-16628906
-16560547
-16492188
-16423828
-16355469
-16287109
-16218750
-16150391
-16082031
-16013672
-15945312
-15876953
-15808594
-15740234
-15671875
-15603516
-15535156
-15466797
-15398438
-15330078
-15261719
-15193359
-15125000
-15056641
-14988281
-14919922
-14851562
-14783203
-14714844
-14646484
-14578125
-14509766
-14441406
-14373047
-14304688
-14236328
-14167969
-14099609
-14031250
-13962891
-13894531
-13826172
-13757812
-13689453
-13621094
-13552734
-13484375
-13416016
-13347656
-13279297
-13210938
-13142578
-13074219
-13005859
-12937500
-12869141
-12800781
-12732422
-12664062
-12595703
-12527344
-12458984
-12390625
-12322266
-12253906
-12185547
-12117188
-12048828
-11980469
-11912109
-11843750
-11775391
-11707031
-11638672
-11570312
-11501953
-11433594
-11365234
-11296875
-11228516
-11160156
-11091797
-11023438
-10955078
-10886719
-10818359
-10750000
-10681641
-10613281
-10544922
-10476562
-10408203
-10339844
-10271484
-10203125
-10134766
-10066406
-9998047
-9929688
-9861328
-9792969
-9724609
-9656250
-9587891
-9519531
-9451172
-9382812
-9314453
-9246094
-9177734
-9109375
-9041016
-8972656
-8904297
-8835938
-8767578
-8699219
-8630859
-8562500
-8494141
-8425781
-8357422
-8289062
-8220703
-8152344
-8083984
-8015625
-7947266
-7878906
-7810547
-7742188
-7673828
-7605469
-7537109
-7468750
-7400391
-7332031
-7263672
-7195312
-7126953
-7058594
-6990234
-6921875
-6853516
-6785156
-6716797
-6648438
-6580078
-6511719
-6443359
-6375000
-6306641
-6238281
-6169922
-6101562
-6033203
-5964844
-5896484
-5828125
-5759766
-5691406
-5623047
-5554688
-5486328
-5417969
-5349609
-5281250
-5212891
-5144531
-5076172
-5007812
-4939453
-4871094
-4802734
-4734375
-4666016
-4597656
-4529297
-4460938
-4392578
-4324219
-4255859
-4187500
-4119141
-4050781
-3982422
-3914062
-3845703
-3777344
-3708984
-3640625
-3572266
-3503906
-3435547
-3367188
-3298828
-3230469
-3162109
-3093750
-3025391
-2957031
-2888672
-2820312
-2751953
-2683594
-2615234
-2546875
-2478516
-2410156
-2341797
-2273438
-2205078
-2136719
-2068359
-2000000
-1992172
-1984344
-1976517
-1968689
-1960861
-1953033
-1945205
-1937378
-1929550
-1921722
-1913894
-1906067
-1898239
-1890411
-1882583
-1874755
-1866928
-1859100
-1851272
-1843444
-1835616
-1827789
-1819961
-1812133
-1804305
-1796477
-1788650
-1780822
-1772994
-1765166
-1757339
-1749511
-1741683
-1733855
-1726027
-1718200
-1710372
-1702544
-1694716
-1686888
-1679061
-1671233
-1663405
-1655577
-1647750
-1639922
-1632094
-1624266
-1616438
-1608611
-1600783
-1592955
-1585127
-1577299
-1569472
-1561644
-1553816
-1545988
-1538160
-1530333
-1522505
-1514677
-1506849
-1499022
-1491194
-1483366
-1475538
-1467710
-1459883
-1452055
-1444227
-1436399
-1428571
-1420744
-1412916
-1405088
-1397260
-1389432
-1381605
-1373777
-1365949
-1358121
-1350294
-1342466
-1334638
-1326810
-1318982
-1311155
-1303327
-1295499
-1287671
-1279843
-1272016
-1264188
-1256360
-1248532
-1240705
-1232877
-1225049
-1217221
-1209393
-1201566
-1193738
-1185910
-1178082
-1170254
-1162427
-1154599
-1146771
-1138943
-1131115
-1123288
-1115460
-1107632
-1099804
-1091977
-1084149
-1076321
-1068493
-1060665
-1052838
-1045010
-1037182
-1029354
-1021526
-1013699
-1005871
 -998043
 -990215
 -982387
 -974560
 -966732
 -958904
 -951076
 -943249
 -935421
 -927593
 -919765
 -911937
 -904110
 -896282
 -888454
 -880626
 -872798
 -864971
 -857143
 -849315
 -841487
 -833659
 -825832
 -818004
 -810176
 -802348
 -794521
 -786693
 -778865
 -771037
 -763209
 -755382
 -747554
 -739726
 -731898
 -724070
 -716243
 -708415
 -700587
 -692759
 -684932
 -677104
 -669276
 -661448
 -653620
 -645793
 -637965
 -630137
 -622309
 -614481
 -606654
 -598826
 -590998
 -583170
 -575342
 -567515
 -559687
 -551859
 -544031
 -536204
 -528376
 -520548
 -512720
 -504892
 -497065
 -489237
 -481409
 -473581
 -465753
 -457926
 -450098
 -442270
 -434442
 -426614
 -418787
 -410959
 -403131
 -395303
 -387476
 -379648
 -371820
 -363992
 -356164
 -348337
 -340509
 -332681
 -324853
 -317025
 -309198
 -301370
 -293542
 -285714
 -277886
 -270059
 -262231
 -254403
 -246575
 -238748
 -230920
 -223092
 -215264
 -207436
 -199609
 -191781
 -183953
 -176125
 -168297
 -160470
 -152642
 -144814
 -136986
 -129159
 -121331
 -113503
 -105675
  -97847
  -90020
  -82192
  -74364
  -66536
  -58708
  -50881
  -43053
  -35225
  -27397
  -19569
  -11742
   -3914
    3914
   11742
   19569
   27397
   35225
   43053
   50881
   58708
   66536
   74364
   82192
   90020
   97847
  105675
  113503
  121331
  129159
  136986
  144814
  152642
  160470
  168297
  176125
  183953
  191781
  199609
  207436
  215264
  223092
  230920
  238748
  246575
  254403
  262231
  270059
  277886
  285714
  293542
  301370
  309198
  317025
  324853
  332681
  340509
  348337
  356164
  363992
  371820
  379648
  387476
  395303
  403131
  410959
  418787
  426614
  434442
  442270
  450098
  457926
  465753
  473581
  481409
  489237
  497065
  504892
  512720
  520548
  528376
  536204
  544031
  551859
  559687
  567515
  575342
  583170
  590998
  598826
  606654
  614481
  622309
  630137
  637965
  645793
  653620
  661448
  669276
  677104
  684932
  692759
  700587
  708415
  716243
  724070
  731898
  739726
  747554
  755382
  763209
  771037
  778865
  786693
  794521
  802348
  810176
  818004
  825832
  833659
  841487
  849315
  857143
  864971
  872798
  880626
  888454
  896282
  904110
  911937
  919765
  927593
  935421
  943249
  951076
  958904
  966732
  974560
  982387
  990215
  998043
 1005871
 1013699
 1021526
 1029354
 1037182
 1045010
 1052838
 1060665
 1068493
 1076321
 1084149
 1091977
 1099804
 1107632
 1115460
 1123288
 1131115
 1138943
 1146771
 1154599
 1162427
 1170254
 1178082
 1185910
 1193738
 1201566
 1209393
 1217221
 1225049
 1232877
 1240705
 1248532
 1256360
 1264188
 1272016
 1279843
 1287671
 1295499
 1303327
 1311155
 1318982
 1326810
 1334638
 1342466
 1350294
 1358121
 1365949
 1373777
 1381605
 1389432
 1397260
 1405088
 1412916
 1420744
 1428571
 1436399
 1444227
 1452055
 1459883
 1467710
 1475538
 1483366
 1491194
 1499022
 1506849
 1514677
 1522505
 1530333
 1538160
 1545988
 1553816
 1561644
 1569472
 1577299
 1585127
 1592955
 1600783
 1608611
 1616438
 1624266
 1632094
 1639922
 1647750
 1655577
 1663405
 1671233
 1679061
 1686888
 1694716
 1702544
 1710372
 1718200
 1726027
 1733855
 1741683
 1749511
 1757339
 1765166
 1772994
 1780822
 1788650
 1796477
 1804305
 1812133
 1819961
 1827789
 1835616
 1843444
 1851272
 1859100
 1866928
 1874755
 1882583
 1890411
 1898239
 1906067
 1913894
 1921722
 1929550
 1937378
 1945205
 1953033
 1960861
 1968689
 1976517
 1984344
 1992172
 2000000
 2068359
 2136719
 2205078
 2273437
 2341797
 2410156
 2478516
 2546875
 2615234
 2683594
 2751953
 2820312
 2888672
 2957031
 3025391
 3093750
 3162109
 3230469
 3298828
 3367187
 3435547
 3503906
 3572266
 3640625
 3708984
 3777344
 3845703
 3914062
 3982422
 4050781
 4119141
 4187500
 4255859
 4324219
 4392578
 4460937
 4529297
 4597656
 4666016
 4734375
 4802734
 4871094
 4939453
 5007812
 5076172
 5144531
 5212891
 5281250
 5349609
 5417969
 5486328
 5554687
 5623047
 5691406
 5759766
 5828125
 5896484
 5964844
 6033203
 6101562
 6169922
 6238281
 6306641
 6375000
 6443359
 6511719
 6580078
 6648437
 6716797
 6785156
 6853516
 6921875
 6990234
 7058594
 7126953
 7195312
 7263672
 7332031
 7400391
 7468750
 7537109
 7605469
 7673828
 7742187
 7810547
 7878906
 7947266
 8015625
 8083984
 8152344
 8220703
 8289062
 8357422
 8425781
 8494141
 8562500
 8630859
 8699219
 8767578
 8835937
 8904297
 8972656
 9041016
 9109375
 9177734
 9246094
 9314453
 9382812
 9451172
 9519531
 9587891
 9656250
 9724609
 9792969
 9861328
 9929687
 9998047
10066406
10134766
10203125
10271484
10339844
10408203
10476562
10544922
10613281
10681641
10750000
10818359
10886719
10955078
11023437
11091797
11160156
11228516
11296875
11365234
11433594
11501953
11570312
11638672
11707031
11775391
11843750
11912109
11980469
12048828
12117187
12185547
12253906
12322266
12390625
12458984
12527344
12595703
12664062
12732422
12800781
12869141
12937500
13005859
13074219
13142578
13210937
13279297
13347656
13416016
13484375
13552734
13621094
13689453
13757812
13826172
13894531
13962891
14031250
14099609
14167969
14236328
14304687
14373047
14441406
14509766
14578125
14646484
14714844
14783203
14851562
14919922
14988281
15056641
15125000
15193359
15261719
15330078
15398437
15466797
15535156
15603516
15671875
15740234
15808594
15876953
15945312
16013672
16082031
16150391
16218750
16287109
16355469
16423828
16492187
16560547
16628906
16697266
16765625
16833984
16902344
16970703
17039062
17107422
17175781
17244141
17312500
17380859
17449219
17517578
17585937
17654297
17722656
17791016
17859375
17927734
17996094
18064453
18132812
18201172
18269531
18337891
18406250
18474609
18542969
18611328
18679687
18748047
18816406
18884766
18953125
19021484
19089844
19158203
19226562
19294922
19363281
19431641
19500000
