97
1.016 0 0
0 0 4
4295.53 1.47183e+09 4299
4899.21 2.17194e+08 5024
5064.71 2.04534e+07 5067
6776.18 1.62625e+09 6848
4.269 0 0
0 0 4
4295.52 1.38605e+09 4299
4901.09 2.13078e+08 5000
5064.68 2.30298e+07 5067
6775.77 1.62154e+09 6848
7.522 0 0
0 0 4
4295.53 1.23766e+09 4299
4898.3 2.13261e+08 5010
5064.61 2.20702e+07 5067
6775.85 1.60087e+09 6848
10.775 0 0
0 0 4
4295.53 1.02585e+09 4299
4902.2 2.14342e+08 4972
5064.71 1.95091e+07 5067
6775.59 1.5791e+09 6840
14.028 0 0
0 0 4
4295.52 7.92788e+08 4299
4901.05 2.09426e+08 4953
5064.47 2.03395e+07 5067
6775.56 1.53842e+09 6842
17.28 0 0
0 0 4
4295.52 5.7544e+08 4299
4900.65 2.03532e+08 4956
5064.17 1.68606e+07 5067
6775.13 1.4974e+09 6837
20.533 0 0
0 0 4
4295.52 3.90585e+08 4299
4896.08 1.9538e+08 5010
5064.14 1.53613e+07 5067
6775.67 1.44798e+09 6844
23.786 0 0
0 0 4
4295.5 2.47232e+08 4299
4899.14 1.8898e+08 5034
5064.26 1.44983e+07 5067
6775.18 1.38926e+09 6839
27.039 0 0
0 0 4
4295.5 1.50672e+08 4299
4903.09 1.83875e+08 5010
5064.34 1.21617e+07 5067
6775.6 1.32195e+09 6847
30.292 0 0
0 0 4
4295.48 8.45168e+07 4299
4899.95 1.69413e+08 5033
5064 1.03571e+07 0
6775.76 1.26013e+09 6838
33.544 0 0
0 0 4
4295.43 4.89817e+07 4299
4901.65 1.64151e+08 4999
5064 8.25355e+06 0
6775.67 1.19867e+09 6850
36.797 0 0
0 0 4
4295.43 2.64385e+07 4299
4902.05 1.53781e+08 4990
5064 7.83407e+06 0
6775.79 1.11201e+09 6843
40.05 0 0
0 0 4
4295.31 1.33381e+07 4299
4899.21 1.42484e+08 5047
5064 5.76831e+06 0
6775.45 1.04042e+09 6847
43.303 0 0
0 0 4
4295.31 9.59815e+06 4578
4902.91 1.34064e+08 5738
5064 5.08957e+06 0
6775.73 9.64287e+08 6847
46.556 0 0
0 0 4
4295.2 5.1075e+06 4322
4900.27 1.21984e+08 5494
5064 4.72069e+06 0
6775.01 8.85284e+08 6843
49.808 0 0
0 0 4
4295 5.43587e+06 0
4902.97 1.09802e+08 5824
5064 1.5212e+06 0
6775.56 7.96872e+08 6849
-1 0 0
