97
1.016 0 0
0 0 4
4295.53 3.35595e+08 4299
4899.21 3.11091e+06 5024
5064.71 715743 5067
6776.18 2.48731e+07 6848
4.269 0 0
0 0 4
4295.52 3.16703e+08 4299
4901.09 3.10464e+06 5000
5064.68 790228 5067
6775.77 2.47829e+07 6848
7.522 0 0
0 0 4
4295.53 2.82843e+08 4299
4898.3 3.12672e+06 5010
5064.61 736389 5067
6775.85 2.46192e+07 6848
10.775 0 0
0 0 4
4295.53 2.34255e+08 4299
4902.2 3.08126e+06 4972
5064.71 663753 5067
6775.59 2.42629e+07 6840
14.028 0 0
0 0 4
4295.52 1.8057e+08 4299
4901.05 2.98172e+06 4953
5064.47 578413 5067
6775.56 2.37663e+07 6842
17.28 0 0
0 0 4
4295.52 1.30447e+08 4299
4900.65 2.91964e+06 4956
5064.17 547404 5067
6775.13 2.30936e+07 6837
20.533 0 0
0 0 4
4295.52 8.80358e+07 4299
4896.08 2.78073e+06 5010
5064.14 432036 5067
6775.67 2.23661e+07 6844
23.786 0 0
0 0 4
4295.5 5.54865e+07 4299
4899.14 2.723e+06 5034
5064.26 393812 5067
6775.18 2.15665e+07 6839
27.039 0 0
0 0 4
4295.5 3.15699e+07 4299
4903.09 2.68279e+06 5010
5064.34 253225 5067
6775.6 2.06123e+07 6847
30.292 0 0
0 0 4
4295.48 1.73998e+07 4299
4899.95 2.52354e+06 5033
5064 0 0
6775.76 1.95721e+07 6838
33.544 0 0
0 0 4
4295.43 8.87769e+06 4299
4901.65 2.37462e+06 4999
5064 0 0
6775.67 1.86169e+07 6850
36.797 0 0
0 0 4
4295.43 4.27105e+06 4299
4902.05 2.2293e+06 4990
5064 0 0
6775.79 1.7382e+07 6843
40.05 0 0
0 0 4
4295.31 1.90587e+06 4299
4899.21 2.16094e+06 5047
5064 0 0
6775.45 1.6321e+07 6847
43.303 0 0
0 0 4
4295.31 752310 4578
4902.91 2.02919e+06 5738
5064 0 0
6775.73 1.52131e+07 6847
46.556 0 0
0 0 4
4295.2 368192 4322
4900.27 1.80933e+06 5494
5064 0 0
6775.01 1.38843e+07 6843
49.808 0 0
0 0 4
4295 0 0
4902.97 1.64283e+06 5824
5064 0 0
6775.56 1.26348e+07 6849
-1 0 0
