113
1.016 0 0
0 0 5
2572.3 3.01531e+08 3527
4297.33 1.19943e+09 4377
4899.38 8.97184e+08 4966
5066.87 1.02755e+08 5070
6779.2 7.61029e+09 6854
4.269 0 0
0 0 5
2576.13 3.01581e+08 2947
4297.3 1.13531e+09 4393
4899.73 8.96036e+08 4957
5066.89 9.97763e+07 5070
6779.26 7.60892e+09 6854
7.522 0 0
0 0 5
2572 2.99436e+08 0
4297.3 1.02382e+09 4383
4900.12 8.9229e+08 4966
5066.99 9.54423e+07 5070
6779.33 7.58097e+09 6854
10.775 0 0
0 0 5
2572 2.93798e+08 0
4297.28 8.62304e+08 4336
4899.38 8.88733e+08 4967
5067.07 9.04239e+07 5070
6779.37 7.5323e+09 6855
14.028 0 0
0 0 5
2572 2.90503e+08 0
4297.3 6.83166e+08 4353
4900.59 8.82805e+08 4967
5067.18 8.2508e+07 5070
6779.54 7.47606e+09 6855
17.28 0 0
0 0 5
2576.67 2.83988e+08 3601
4297.28 5.08701e+08 4377
4900.7 8.77027e+08 4966
5067.29 7.64612e+07 5070
6779.59 7.40788e+09 6853
20.533 0 0
0 0 5
2572 2.81146e+08 0
4297.27 3.56876e+08 4348
4900.08 8.65966e+08 4970
5067.49 6.82327e+07 5070
6779.6 7.32497e+09 6855
23.786 0 0
0 0 5
2572 2.79398e+08 3701
4297.29 2.35206e+08 4337
4901.7 8.55731e+08 4967
5067.56 5.81371e+07 5070
6779.73 7.23816e+09 6855
27.039 0 0
0 0 5
2570.74 2.71382e+08 2941
4297.29 1.48024e+08 4346
4899.32 8.44038e+08 5027
5067.62 5.04798e+07 5070
6779.78 7.1397e+09 6855
30.292 0 0
0 0 5
2575.04 2.67761e+08 2969
4297.28 8.65515e+07 4365
4900.44 8.31198e+08 5009
5067.62 4.30634e+07 5071
6779.73 7.03357e+09 6856
33.544 0 0
0 0 5
2572.99 2.6133e+08 2910
4297.28 5.03948e+07 4381
4900.74 8.18405e+08 5031
5067.71 3.71189e+07 5071
6779.84 6.91687e+09 6853
36.797 0 0
0 0 5
2576.17 2.5654e+08 4043
4297.29 2.75855e+07 4346
4898.87 8.06626e+08 5012
5067.75 3.15088e+07 5070
6779.81 6.79727e+09 6855
40.05 0 0
0 0 5
2576.16 2.49535e+08 2923
4297.29 1.51455e+07 4363
4899.18 7.90293e+08 5011
5067.74 2.56646e+07 5071
6779.78 6.67766e+09 6856
43.303 0 0
0 0 5
2574.82 2.452e+08 2915
4297.31 7.97465e+06 4361
4899.41 7.76111e+08 5028
5067.67 2.14006e+07 5072
6779.78 6.54383e+09 6857
46.556 0 0
0 0 5
2575 2.4148e+08 3370
4297.27 4.63997e+06 4388
4899.39 7.60734e+08 5014
5067.73 1.87807e+07 5071
6779.72 6.40541e+09 6854
49.808 0 0
0 0 5
2570.01 2.34117e+08 3564
4297.35 4.39392e+06 4321
4900.07 7.46071e+08 5070
5066 1.37614e+07 0
6779.63 6.26632e+09 6854
-1 0 0
