113
1.016 0 0
0 0 5
2572.3 1.76834e+06 3527
4297.33 2.75794e+08 4377
4899.38 1.19549e+07 4966
5066.87 3.55651e+06 5070
6779.2 9.76647e+07 6854
4.269 0 0
0 0 5
2576.13 1.76686e+06 2947
4297.3 2.62787e+08 4393
4899.73 1.19087e+07 4957
5066.89 3.46412e+06 5070
6779.26 9.76993e+07 6854
7.522 0 0
0 0 5
2572 0 0
4297.3 2.36532e+08 4383
4900.12 1.19008e+07 4966
5066.99 3.30326e+06 5070
6779.33 9.74115e+07 6854
10.775 0 0
0 0 5
2572 0 0
4297.28 1.98767e+08 4336
4899.38 1.18667e+07 4967
5067.07 2.98224e+06 5070
6779.37 9.69154e+07 6855
14.028 0 0
0 0 5
2572 0 0
4297.3 1.56943e+08 4353
4900.59 1.17819e+07 4967
5067.18 2.71921e+06 5070
6779.54 9.62364e+07 6855
17.28 0 0
0 0 5
2576.67 1.72849e+06 3601
4297.28 1.16587e+08 4377
4900.7 1.17132e+07 4966
5067.29 2.43652e+06 5070
6779.59 9.54333e+07 6853
20.533 0 0
0 0 5
2572 0 0
4297.27 8.15623e+07 4348
4900.08 1.16867e+07 4970
5067.49 2.11612e+06 5070
6779.6 9.45099e+07 6855
23.786 0 0
0 0 5
2572 1.6816e+06 3701
4297.29 5.36224e+07 4337
4901.7 1.14875e+07 4967
5067.56 1.80108e+06 5070
6779.73 9.3458e+07 6855
27.039 0 0
0 0 5
2570.74 1.61236e+06 2941
4297.29 3.31521e+07 4346
4899.32 1.14007e+07 5027
5067.62 1.56703e+06 5070
6779.78 9.23151e+07 6855
30.292 0 0
0 0 5
2575.04 1.61237e+06 2969
4297.28 1.92722e+07 4365
4900.44 1.12626e+07 5009
5067.62 1.30169e+06 5071
6779.73 9.10285e+07 6856
33.544 0 0
0 0 5
2572.99 1.61236e+06 2910
4297.28 1.05686e+07 4381
4900.74 1.11643e+07 5031
5067.71 1.02729e+06 5071
6779.84 8.96982e+07 6853
36.797 0 0
0 0 5
2576.17 1.5371e+06 4043
4297.29 5.43441e+06 4346
4898.87 1.09871e+07 5012
5067.75 804290 5070
6779.81 8.82009e+07 6855
40.05 0 0
0 0 5
2576.16 1.54546e+06 2923
4297.29 2.62975e+06 4363
4899.18 1.081e+07 5011
5067.74 574178 5071
6779.78 8.66191e+07 6856
43.303 0 0
0 0 5
2574.82 1.48081e+06 2915
4297.31 1.17419e+06 4361
4899.41 1.06597e+07 5028
5067.67 517138 5072
6779.78 8.50253e+07 6857
46.556 0 0
0 0 5
2575 1.47855e+06 3370
4297.27 524552 4388
4899.39 1.04749e+07 5014
5067.73 365099 5071
6779.72 8.32494e+07 6854
49.808 0 0
0 0 5
2570.01 1.42652e+06 3564
4297.35 234736 4321
4900.07 1.02407e+07 5070
5066 0 0
6779.63 8.1436e+07 6854
-1 0 0
