##TITLE= Parameter file, TopSpin 3.5 pl 7
##JCAMPDX= 5.0
##DATATYPE= Parameter Values
##NPOINTS= 1	$$ modification sequence number
##ORIGIN= Bruker BioSpin GmbH
##OWNER= hanno
$$ 2023-04-25 12:37:29.207 -0400  hanno@c3po
$$ /opt/topspin3.5pl7/data/hanno/nmr/housley_4_2023/5/pdata/1/clevels
$$ process /opt/topspin3.5pl7/prog/mod/edparproc
##$LEVELS= (0..255)
-324903800000 -180502100000 -100278900000 -55710520000 -30950290000 -17194610000
-9552558050.4 -5306977067.2 -2948320592.8 -1637955884.9 -909975491.6 -505541939.8
-280856633.2 -156031462.9 -86684146 -48157858.9 -26754366.1 -14863536.7
-8257520.4 -4587511.3 -2548617.4 -1415898.5 -786610.3 -437005.7 -242780.9
-134878.3 -74932.4 -41629.1 -23127.3 -12848.5 -7138 -3965.6 3965.6 4758.7
5710.4 6852.5 8223 9867.7 11841.2 14209.4 17051.3 20461.5 24553.8 29464.6
35357.5 42429 50914.8 61097.9 73317.4 87980.9 105577.1 126692.5 152031
182437.1 218924.6 262709.5 315251.4 378301.6 453962 544754.4 653705.2 784446.3
941335.6 1129602.6 0 0 0 0 0 0 0 0 0 0 0 0 0 0 0 0 0 0 0 0 0 0 0 0 0 0
0 0 0 0 0 0 0 0 0 0 0 0 0 0 0 0 0 0 0 0 0 0 0 0 0 0 0 0 0 0 0 0 0 0 0 0
0 0 0 0 0 0 0 0 0 0 0 0 0 0 0 0 0 0 0 0 0 0 0 0 0 0 0 0 0 0 0 0 0 0 0 0
0 0 0 0 0 0 0 0 0 0 0 0 0 0 0 0 0 0 0 0 0 0 0 0 0 0 0 0 0 0 0 0 0 0 0 0
0 0 0 0 0 0 0 0 0 0 0 0 0 0 0 0 0 0 0 0 0 0 0 0 0 0 0 0 0 0 0 0 0 0 0 0
0 0 0 0 0 0 0 0 0 0 0 0 0 0 0 0 0 0 0 0 0 0
##$LEVSIGN= 1
##$MAXLEV= 32
##$METHOD= 0
##$NEGBASE= -3965.6
##$NEGINCR= 1.8
##$POSBASE= 3965.6
##$POSINCR= 1.2
##END=
