73
1.016 0 0
0 0 4
4297.54 2.97688e+09 4301
4902.02 4.55263e+08 5011
5109.2 6.21643e+07 5112
6777.22 3.34649e+09 6840
4.269 0 0
0 0 4
4297.52 2.8129e+09 4301
4900.26 4.47306e+08 5007
5108.71 5.52379e+07 5113
6777.02 3.34844e+09 6852
7.522 0 0
0 0 4
4297.5 2.52022e+09 4301
4904.28 4.5215e+08 4999
5108.7 5.23493e+07 5113
6776.88 3.3213e+09 6852
10.775 0 0
0 0 4
4297.55 2.10935e+09 4301
4898.69 4.49165e+08 5035
5108.49 5.06905e+07 5112
6776.81 3.30656e+09 6855
14.028 0 0
0 0 4
4297.5 1.65426e+09 4301
4903.21 4.36787e+08 5030
5109.01 4.87878e+07 5114
6776.68 3.27084e+09 6851
17.28 0 0
0 0 4
4297.47 1.2224e+09 4301
4901.9 4.35905e+08 5002
5109 4.72506e+07 5112
6776.42 3.24236e+09 6843
20.533 0 0
0 0 4
4297.5 8.43417e+08 4301
4901.43 4.26325e+08 5013
5108.6 3.66212e+07 5115
6777.12 3.19206e+09 6847
23.786 0 0
0 0 4
4297.45 5.46844e+08 4301
4904.12 4.23238e+08 5020
5109.62 4.02269e+07 5116
6777.33 3.14093e+09 6848
27.039 0 0
0 0 4
4297.48 3.36262e+08 4301
4902.82 4.20463e+08 5013
5109.34 3.36084e+07 5124
6776.92 3.099e+09 6846
30.292 0 0
0 0 4
4297.44 1.93576e+08 4301
4900.63 4.09843e+08 5001
5109.15 2.852e+07 5115
6777.53 3.04698e+09 6841
33.544 0 0
0 0 4
4297.5 1.05142e+08 4301
4903.88 4.09999e+08 5043
5109 2.30914e+07 0
6777.83 2.9869e+09 6853
36.797 0 0
0 0 4
4297.46 5.48718e+07 4301
4905.62 3.99545e+08 5015
5109 2.22201e+07 0
6777.08 2.93577e+09 6860
-1 0 0
