73
1.016 0 0
0 0 4
4297.54 5.21069e+08 4301
4902.02 6.40503e+06 5011
5109.2 1.21978e+06 5112
6777.22 5.00427e+07 6840
4.269 0 0
0 0 4
4297.52 4.81481e+08 4301
4900.26 6.32895e+06 5007
5108.71 1.31513e+06 5113
6777.02 4.99754e+07 6852
7.522 0 0
0 0 4
4297.5 4.32205e+08 4301
4904.28 6.27994e+06 4999
5108.7 1.24437e+06 5113
6776.88 4.96166e+07 6852
10.775 0 0
0 0 4
4297.55 3.64273e+08 4301
4898.69 6.13604e+06 5035
5108.49 824896 5112
6776.81 4.94572e+07 6855
14.028 0 0
0 0 4
4297.5 2.81758e+08 4301
4903.21 6.34374e+06 5030
5109.01 938292 5114
6776.68 4.89464e+07 6851
17.28 0 0
0 0 4
4297.47 2.08533e+08 4301
4901.9 6.27275e+06 5002
5109 864825 5112
6776.42 4.86148e+07 6843
20.533 0 0
0 0 4
4297.5 1.4611e+08 4301
4901.43 6.11542e+06 5013
5108.6 732665 5115
6777.12 4.81846e+07 6847
23.786 0 0
0 0 4
4297.45 9.3283e+07 4301
4904.12 6.03816e+06 5020
5109.62 807572 5116
6777.33 4.76178e+07 6848
27.039 0 0
0 0 4
4297.48 5.7041e+07 4301
4902.82 5.92214e+06 5013
5109.34 682017 5124
6776.92 4.6947e+07 6846
30.292 0 0
0 0 4
4297.44 3.26253e+07 4301
4900.63 6.03943e+06 5001
5109.15 448967 5115
6777.53 4.62193e+07 6841
33.544 0 0
0 0 4
4297.5 1.76297e+07 4301
4903.88 5.96523e+06 5043
5109 0 0
6777.83 4.55962e+07 6853
36.797 0 0
0 0 4
4297.46 8.68098e+06 4301
4905.62 5.67261e+06 5015
5109 0 0
6777.08 4.45649e+07 6860
-1 0 0
